8849
2570
1943
5841
1144
5143
5694
8802
6391
1862
7963
9240
0300
0185
9858
4166
7502
0785
6657
2910
4042
7399
7081
8826
6000
6570
8942
4812
5578
5115
7613
4209
8951
2175
8952
1962
8721
3867
1851
7535
0908
3570
2477
6032
4362
5551
1697
0152
9178
5842
1029
9961
9512
1156
6306
0604
4307
8709
3651
2439
6975
7670
8792
8222
7421
7234
7967
2017
6316
2308
9639
5479
2762
1085
0469
8324
6466
2322
3476
2410
3626
0822
8992
7257
5501
4227
7976
1610
2095
3014
1533
1731
0531
8840
4058
0595
9651
2647
1086
0719
1814
8193
7777
6059
6309
3045
2370
9954
2144
7898
4763
9336
4975
8652
3058
4068
8748
9196
7385
4642
8510
7588
2182
9117
5963
4945
2706
3722
3456
6630
8363
6582
9235
3831
3589
5954
0244
2424
5429
4362
3384
5080
4836
8158
8180
7254
3591
0066
5639
4437
0020
7424
1098
0114
7414
9724
1894
8738
8040
5526
0322
8580
8577
1984
9839
0519
8151
4883
0041
2320
5112
1343
6401
9858
0951
3770
9664
6683
5696
2901
6096
6531
3271
8335
7442
6431
4613
3782
0159
2081
4768
2592
9337
0250
2203
3544
8296
7640
0851
4320
6537
7178
3136
8757
2355
9412
5174
2379
2040
5963
8246
5602
7507
8827
9030
6293
3894
5392
6879
8003
6218
1280
7544
3758
5760
5625
5488
3790
5897
0562
5892
8539
8349
1217
9040
9433
6223
5186
4122
3492
4321
6876
3981
2977
2867
2774
7618
3274
3800
6111
6774
2026
0466
5251
6265
0914
9252
2887
7119
7210
3114
2121
1187
5908
6796
8449
3136
3705
2365
0496
9528
8911
1831
9699
9273
5344
4569
1617
5915
2875
3797
7254
7055
4409
0893
3488
2898
5367
9318
1502
6132
1818
4761
6785
8737
4565
7851
4687
9856
3451
1175
6637
2893
3097
2079
7328
5299
9575
6129
9233
9199
5427
3104
3541
1063
1880
3102
3956
2537
4954
2311
4685
7945
1208
2104
7620
6994
8290
4356
2653
9404
8809
7956
5373
8531
5159
7740
4714
9014
5365
3357
1724
2504
1696
7161
9641
6991
4817
7772
6571
0511
1093
6941
9558
2861
7849
8824
7495
6926
9453
5596
5782
4562
9062
7000
7154
0979
5820
3852
9149
2208
0399
9687
3897
8747
3128
6593
2577
7166
2102
3487
4444
2949
1093
7155
3096
8880
1378
6004
5686
1900
0033
1109
6546
0435
0934
3211
2115
5023
3021
2864
6586
7639
8263
0129
8428
3451
5386
4147
0874
7574
1791
9337
1701
3182
3594
7350
9565
4855
8627
9881
9631
1141
2301
0773
6674
9400
8194
2077
2327
9526
8606
7773
0250
9477
9759
3535
0496
5108
3292
5137
2622
9785
3865
6088
4465
5157
6957
3127
4341
9723
8524
3590
5861
5577
8753
9828
6563
2566
2068
3944
7457
0144
0257
4265
2674
7363
3723
7628
3179
1276
1901
3966
2416
7044
9527
4533
8894
1514
8394
3164
5787
6621
2597
4040
6638
2499
6238
0709
3701
2746
1669
5477
1137
3915
4181
3846
4702
7317
1807
2334
1546
7320
6475
5686
8395
2990
6072
5351
3311
7429
6772
1484
3224
1019
8922
2991
4815
5522
8777
4576
8311
1109
6882
7012
5480
4794
1924
4445
8706
5023
2794
0461
1920
2828
1381
0560
6982
1259
7518
3077
7295
4273
1287
2663
7554
5145
3067
0505
0512
4594
4164
1306
3820
4840
3907
1035
6512
4289
1443
3212
3681
1403
7335
3106
4740
3052
2414
9628
1801
6910
3473
4233
7918
5064
6587
5976
0839
7766
1399
5550
8913
6948
4524
5609
1212
9682
7510
4218
2685
3001
6543
5013
7611
8876
0391
6805
3990
9287
3636
5426
9017
2020
6941
2552
3196
5458
9873
3664
1407
3589
5615
2348
0502
1127
3406
1579
4506
2492
3412
2262
3893
5067
7249
4317
1984
6716
6501
0957
7439
2325
2375
4048
4334
3448
7292
6042
0832
0218
1408
8514
9997
2572
6931
7687
4513
0586
0820
1883
5240
8489
7697
5862
6351
0663
0539
7165
5261
1983
9678
8097
0359
4284
4402
2747
4385
1493
7289
1671
9456
1413
3689
4768
6866
1804
5696
1607
7444
5837
8997
0788
2564
0514
7687
0808
6127
5537
4983
8741
5086
8419
1690
6090
9124
2075
5391
2574
4409
0091
6225
0532
8807
2612
7189
0819
4993
9286
7814
8277
6166
9531
3962
4078
6966
4472
8090
0624
3128
1563
7287
4203
7349
1399
3247
9845
9553
0259
1060
8770
7484
3170
7534
7743
1536
3207
8427
0285
9506
6057
9175
1863
8673
7404
5933
3634
0050
1003
1822
5207
3358
0904
2066
4732
9985
7528
2387
7302
3347
5489
3156
1808
9682
2678
7438
3963
8601
6198
1023
9983
4477
5550
9508
3539
8691
9343
4553
8695
9522
1287
8893
8319
1416
8687
5309
4660
9399
5912
8076
8445
1786
1722
6736
6025
9707
5091
4625
6378
9591
2318
1490
7549
0715
1919
0376
3076
3073
7481
8565
1535
1782
5945
2897
8802
9534
4559
1392
6270
8144
2771
2835
9391
3925
0459
8438
2972
3903
5182
2611
5766
9537
5589
0475
2772
0723
0272
9918
7589
6259
4384
3681
5520
3485
4039
9586
3132
7236
0255
2235
2965
4293
1008
0839
4811
2638
0763
5884
1520
4806
1129
6574
4482
6701
5686
9212
3112
4271
4759
1426
8144
5415
9376
5458
9786
1108
8259
9490
8307
0862
8752
1886
6121
1910
3548
4245
8155
3729
7405
8074
2633
0425
1730
9795
9660
6599
6475
2826
2103
8782
2002
9443
1149
0339
6499
5209
4872
3391
0850
5692
5959
3285
9800
8303
3929
2375
1172
3253
6553
3284
7859
1628
2489
4539
3602
5078
2363
1892
6476
8071
9876
8073
8115
0842
4772
9045
7678
5497
7814
7687
2049
4086
6315
5483
9020
0914
2093
5332
5607
8537
9701
7057
6147
6285
2576
7697
0407
6130
9852
5005
1311
9319
5851
2082
2539
5929
4468
5486
8800
8337
7615
3843
2196
2657
9805
8799
3929
1101
7156
7386
5076
0536
0844
3908
4803
7658
2860
7127
2557
8969
0492
5634
1669
9181
1702
9577
9777
5692
5353
7840
5242
6817
